{
 "cells": [
  {
   "cell_type": "code",
   "execution_count": 1,
   "metadata": {},
   "outputs": [],
   "source": [
    "import numpy as np\n",
    "from math import *\n",
    "from mpl_toolkits import mplot3d"
   ]
  },
  {
   "cell_type": "code",
   "execution_count": 161,
   "metadata": {},
   "outputs": [],
   "source": [
    "C = np.array([1,0])\n",
    "D = np.array([0,1])\n",
    "D_c = np.array([[0,1],[1,0]])\n",
    "CC = np.kron(C,C)\n",
    "CD = np.kron(C,D)\n",
    "DC = np.kron(D,C)\n",
    "DD = np.kron(D,D)\n",
    "\n",
    "D = np.array([0,1])\n",
    "basis = {\n",
    "    'b1' : np.kron(C,C),\n",
    "    'b2' : np.kron(C,D),\n",
    "    'b3' : np.kron(D,C),\n",
    "    'b4' : np.kron(D,D)\n",
    "    }"
   ]
  },
  {
   "cell_type": "code",
   "execution_count": 162,
   "metadata": {},
   "outputs": [
    {
     "name": "stdout",
     "output_type": "stream",
     "text": [
      "[[0 0 0 0]\n",
      " [0 0 1 0]\n",
      " [0 0 0 0]\n",
      " [0 0 0 0]]\n"
     ]
    },
    {
     "data": {
      "text/plain": [
       "array([[0, 0, 0, 0],\n",
       "       [0, 0, 0, 0],\n",
       "       [0, 1, 0, 0],\n",
       "       [0, 0, 0, 0]])"
      ]
     },
     "execution_count": 162,
     "metadata": {},
     "output_type": "execute_result"
    }
   ],
   "source": [
    "print(np.outer(CD,DC) )\n",
    "np.outer(DC,CD) \n"
   ]
  },
  {
   "cell_type": "markdown",
   "metadata": {},
   "source": [
    "np.dot(np.dot(D_c,D_c),C)"
   ]
  },
  {
   "cell_type": "code",
   "execution_count": 4,
   "metadata": {},
   "outputs": [
    {
     "data": {
      "text/plain": [
       "array([[1.        +0.j        , 1.        +0.j        ,\n",
       "        1.        +0.j        , 0.54030231+0.84147098j],\n",
       "       [1.        +0.j        , 1.        +0.j        ,\n",
       "        0.54030231+0.84147098j, 1.        +0.j        ],\n",
       "       [1.        +0.j        , 0.54030231+0.84147098j,\n",
       "        1.        +0.j        , 1.        +0.j        ],\n",
       "       [0.54030231+0.84147098j, 1.        +0.j        ,\n",
       "        1.        +0.j        , 1.        +0.j        ]])"
      ]
     },
     "execution_count": 4,
     "metadata": {},
     "output_type": "execute_result"
    }
   ],
   "source": [
    "np.exp(1j*np.kron(D_c,D_c))"
   ]
  },
  {
   "cell_type": "code",
   "execution_count": 5,
   "metadata": {},
   "outputs": [],
   "source": [
    "import matplotlib.pyplot as plt"
   ]
  },
  {
   "cell_type": "code",
   "execution_count": 6,
   "metadata": {},
   "outputs": [],
   "source": [
    "def J_c(gamma):\n",
    "    D = np.array([[0,1],[1,0]])\n",
    "    J = np.exp(1j*gamma*np.kron(D,D))\n",
    "    return J"
   ]
  },
  {
   "cell_type": "code",
   "execution_count": 7,
   "metadata": {},
   "outputs": [],
   "source": [
    "def J(g):\n",
    "    j = np.zeros((4,4), dtype = complex)\n",
    "    for i in range(4):\n",
    "        j[i][i] = cos(g/2)\n",
    "    j[0][3] = -1j*sin(g/2)\n",
    "    j[1][2] = 1j*sin(g/2)\n",
    "    j[2][1] = 1j*sin(g/2)\n",
    "    j[3][0] = -1j*sin(g/2)\n",
    "    return j"
   ]
  },
  {
   "cell_type": "code",
   "execution_count": 136,
   "metadata": {},
   "outputs": [
    {
     "name": "stdout",
     "output_type": "stream",
     "text": [
      "[[0.70710678+0.j         0.        +0.j         0.        +0.j\n",
      "  0.        -0.70710678j]\n",
      " [0.        +0.j         0.70710678+0.j         0.        +0.70710678j\n",
      "  0.        +0.j        ]\n",
      " [0.        +0.j         0.        +0.70710678j 0.70710678+0.j\n",
      "  0.        +0.j        ]\n",
      " [0.        -0.70710678j 0.        +0.j         0.        +0.j\n",
      "  0.70710678+0.j        ]]\n"
     ]
    },
    {
     "data": {
      "text/plain": [
       "array([0.70710678+0.j        , 0.        +0.j        ,\n",
       "       0.        +0.j        , 0.        -0.70710678j])"
      ]
     },
     "execution_count": 136,
     "metadata": {},
     "output_type": "execute_result"
    }
   ],
   "source": [
    "j = J(pi/2)\n",
    "print(j)\n",
    "np.matmul(j,CC)"
   ]
  },
  {
   "cell_type": "code",
   "execution_count": 163,
   "metadata": {},
   "outputs": [],
   "source": [
    "j = np.array([0.70710678+0.j        , 0.        +0.j        ,\n",
    "       0.        +0.j        , 0.70710678+0.j])"
   ]
  },
  {
   "cell_type": "code",
   "execution_count": 10,
   "metadata": {},
   "outputs": [],
   "source": [
    "def H(j):\n",
    "    return j.conjugate().T"
   ]
  },
  {
   "cell_type": "code",
   "execution_count": 11,
   "metadata": {},
   "outputs": [
    {
     "data": {
      "text/plain": [
       "array([[1.-0.j, 0.-0.j, 0.-0.j, 0.+0.j],\n",
       "       [0.-0.j, 1.-0.j, 0.-0.j, 0.-0.j],\n",
       "       [0.-0.j, 0.-0.j, 1.-0.j, 0.-0.j],\n",
       "       [0.+0.j, 0.-0.j, 0.-0.j, 1.-0.j]])"
      ]
     },
     "execution_count": 11,
     "metadata": {},
     "output_type": "execute_result"
    }
   ],
   "source": [
    "H(j)"
   ]
  },
  {
   "cell_type": "code",
   "execution_count": 12,
   "metadata": {},
   "outputs": [],
   "source": [
    "def U(theta, phi):\n",
    "    u = np.array([[np.exp(1j*phi)*cos(theta/2), sin(theta/2)], \n",
    "                  [-sin(theta/2), np.exp(-1j*phi)*cos(theta/2)]])\n",
    "    return u"
   ]
  },
  {
   "cell_type": "code",
   "execution_count": 13,
   "metadata": {},
   "outputs": [],
   "source": [
    "# def U(theta, phi):\n",
    "#     u = np.array([[(cos(phi)+1j*sin(phi))*cos(theta/2), sin(theta/2)], \n",
    "#                   [-sin(theta/2), (cos(phi)-1j*sin(phi))*cos(theta/2)]])\n",
    "#     return u"
   ]
  },
  {
   "cell_type": "code",
   "execution_count": 175,
   "metadata": {},
   "outputs": [
    {
     "data": {
      "text/plain": [
       "array([[ 6.123234e-17+1.j,  0.000000e+00+0.j],\n",
       "       [-0.000000e+00+0.j,  6.123234e-17-1.j]])"
      ]
     },
     "execution_count": 175,
     "metadata": {},
     "output_type": "execute_result"
    }
   ],
   "source": [
    "U_a = U(0,pi/2)\n",
    "U_a "
   ]
  },
  {
   "cell_type": "code",
   "execution_count": 46,
   "metadata": {},
   "outputs": [],
   "source": [
    "def Psi(J, Ua, Ub):\n",
    "    psi = np.matmul(np.matmul(H(J), np.kron(Ua,Ub)),np.matmul(J, CC))\n",
    "    return psi"
   ]
  },
  {
   "cell_type": "code",
   "execution_count": 168,
   "metadata": {},
   "outputs": [],
   "source": [
    "def Psi_dense(J, Ua, Ub):\n",
    "#     ri = np.matmul(J, CC) \n",
    "    rho = np.matmul(np.matmul(np.kron(Ua,Ub), np.outer(J,J)),H(np.kron(Ua,Ub)))\n",
    "    return rho"
   ]
  },
  {
   "cell_type": "code",
   "execution_count": 169,
   "metadata": {},
   "outputs": [
    {
     "data": {
      "text/plain": [
       "array([[0.5+0.j]])"
      ]
     },
     "execution_count": 169,
     "metadata": {},
     "output_type": "execute_result"
    }
   ],
   "source": [
    "ri = np.matmul(j, CC) \n",
    "np.kron(U_a,U_a)  \n",
    "np.outer(ri,ri) "
   ]
  },
  {
   "cell_type": "code",
   "execution_count": 171,
   "metadata": {},
   "outputs": [
    {
     "name": "stdout",
     "output_type": "stream",
     "text": [
      "[[0.5+0.j 0. +0.j 0. +0.j 0.5+0.j]\n",
      " [0. +0.j 0. +0.j 0. +0.j 0. +0.j]\n",
      " [0. +0.j 0. +0.j 0. +0.j 0. +0.j]\n",
      " [0.5+0.j 0. +0.j 0. +0.j 0.5+0.j]]\n"
     ]
    }
   ],
   "source": [
    "psid = Psi_dense(j,U_a,U_a)\n",
    "# psi = Psi(j,U_a,U_a)\n",
    "# ps = np.outer(psi,psi)\n",
    "# print(ps)\n",
    "print(psid)"
   ]
  },
  {
   "cell_type": "code",
   "execution_count": 147,
   "metadata": {},
   "outputs": [],
   "source": [
    "payoff = np.array([[-25, 50, 0, 15],[-25, 50, 0, 15]])"
   ]
  },
  {
   "cell_type": "code",
   "execution_count": 148,
   "metadata": {},
   "outputs": [],
   "source": [
    "def payoff_op(p):\n",
    "    C = np.array([1,0])\n",
    "    D = np.array([0,1])\n",
    "    basis = {\n",
    "        'b0' : np.kron(C,C),\n",
    "        'b1' : np.kron(C,D),\n",
    "        'b2' : np.kron(D,C),\n",
    "        'b3' : np.kron(D,D)\n",
    "    }\n",
    "    pa, pb = 0, 0\n",
    "    for i in range(len(p[0])):\n",
    "        pa += p[0][i]*np.outer(basis['b'+str(i)], basis['b'+str(i)])\n",
    "        pb += p[1][i]*np.outer(basis['b'+str(i)], basis['b'+str(i)]) \n",
    "    return pa"
   ]
  },
  {
   "cell_type": "code",
   "execution_count": 172,
   "metadata": {},
   "outputs": [
    {
     "data": {
      "text/plain": [
       "array([[-12.49999996+0.j,   0.        +0.j,   0.        +0.j,\n",
       "        -12.49999996+0.j],\n",
       "       [  0.        +0.j,   0.        +0.j,   0.        +0.j,\n",
       "          0.        +0.j],\n",
       "       [  0.        +0.j,   0.        +0.j,   0.        +0.j,\n",
       "          0.        +0.j],\n",
       "       [  7.49999997+0.j,   0.        +0.j,   0.        +0.j,\n",
       "          7.49999997+0.j]])"
      ]
     },
     "execution_count": 172,
     "metadata": {},
     "output_type": "execute_result"
    }
   ],
   "source": [
    "P = payoff_op(payoff)\n",
    "np.matmul(P,psid)"
   ]
  },
  {
   "cell_type": "code",
   "execution_count": 173,
   "metadata": {},
   "outputs": [
    {
     "data": {
      "text/plain": [
       "4.999999983219683"
      ]
     },
     "execution_count": 173,
     "metadata": {},
     "output_type": "execute_result"
    }
   ],
   "source": [
    "abs(np.trace(np.matmul(P,psid)))"
   ]
  },
  {
   "cell_type": "code",
   "execution_count": 90,
   "metadata": {},
   "outputs": [
    {
     "name": "stdout",
     "output_type": "stream",
     "text": [
      "0 0\n",
      "1 1\n"
     ]
    }
   ],
   "source": [
    "aq = {'1':2, '2':3}\n",
    "aq['2']"
   ]
  },
  {
   "cell_type": "code",
   "execution_count": 142,
   "metadata": {},
   "outputs": [],
   "source": [
    "a = payoff[0]"
   ]
  },
  {
   "cell_type": "code",
   "execution_count": 19,
   "metadata": {},
   "outputs": [],
   "source": [
    "def expected_payoff(p, psi):\n",
    "    s = 0\n",
    "    for i in range(len(p)):\n",
    "        s += p[i]*(abs(psi[i]))**2\n",
    "    return s"
   ]
  },
  {
   "cell_type": "code",
   "execution_count": 20,
   "metadata": {},
   "outputs": [],
   "source": [
    "def payoff_plot(gamma, p, x, y):\n",
    "    \n",
    "    j = J(gamma)\n",
    "    Ua = U(x*pi,0) if x >= 0 else U(0,-x*pi/2)\n",
    "    Ub = U(y*pi,0) if y >= 0 else U(0,-y*pi/2)\n",
    "    psi = Psi(j,Ua,Ub)\n",
    "    s = expected_payoff(p, psi)\n",
    "    return s"
   ]
  },
  {
   "cell_type": "code",
   "execution_count": 21,
   "metadata": {},
   "outputs": [
    {
     "data": {
      "text/plain": [
       "3.0000000000000004"
      ]
     },
     "execution_count": 21,
     "metadata": {},
     "output_type": "execute_result"
    }
   ],
   "source": [
    "payoff_plot(0, a, 1, 0.5)"
   ]
  },
  {
   "cell_type": "code",
   "execution_count": 143,
   "metadata": {},
   "outputs": [
    {
     "data": {
      "text/plain": [
       "15.000000000000007"
      ]
     },
     "execution_count": 143,
     "metadata": {},
     "output_type": "execute_result"
    }
   ],
   "source": [
    "expected_payoff(a, psi)"
   ]
  },
  {
   "cell_type": "code",
   "execution_count": 23,
   "metadata": {},
   "outputs": [
    {
     "data": {
      "text/plain": [
       "(6.123233995736766e-17+1j)"
      ]
     },
     "execution_count": 23,
     "metadata": {},
     "output_type": "execute_result"
    }
   ],
   "source": [
    "np.exp(1j*pi/2)"
   ]
  },
  {
   "cell_type": "code",
   "execution_count": 24,
   "metadata": {},
   "outputs": [
    {
     "data": {
      "text/plain": [
       "array([[ 8.07261091e-01,  9.41437765e-01,  9.97705708e-01,\n",
       "         9.80850719e-01,  9.02160390e-01,  7.77003505e-01,\n",
       "         6.22348946e-01,  4.54593535e-01,  2.87954298e-01,\n",
       "         1.33543814e-01, -8.84706779e-04, -1.10640850e-01,\n",
       "        -1.93431827e-01, -2.48533645e-01, -2.75989644e-01,\n",
       "        -2.75989644e-01, -2.48533645e-01, -1.93431827e-01,\n",
       "        -1.10640850e-01, -8.84706779e-04,  1.33543814e-01,\n",
       "         2.87954298e-01,  4.54593535e-01,  6.22348946e-01,\n",
       "         7.77003505e-01,  9.02160390e-01,  9.80850719e-01,\n",
       "         9.97705708e-01,  9.41437765e-01,  8.07261091e-01],\n",
       "       [ 9.41437765e-01,  9.98937218e-01,  9.71132423e-01,\n",
       "         8.69941049e-01,  7.12998635e-01,  5.20584150e-01,\n",
       "         3.12742785e-01,  1.07000578e-01, -8.30932252e-02,\n",
       "        -2.48533645e-01, -3.84629319e-01, -4.90176225e-01,\n",
       "        -5.66292335e-01, -6.15169883e-01, -6.38962142e-01,\n",
       "        -6.38962142e-01, -6.15169883e-01, -5.66292335e-01,\n",
       "        -4.90176225e-01, -3.84629319e-01, -2.48533645e-01,\n",
       "        -8.30932252e-02,  1.07000578e-01,  3.12742785e-01,\n",
       "         5.20584150e-01,  7.12998635e-01,  8.69941049e-01,\n",
       "         9.71132423e-01,  9.98937218e-01,  9.41437765e-01],\n",
       "       [ 9.97705708e-01,  9.71132423e-01,  8.58179323e-01,\n",
       "         6.78125888e-01,  4.54593535e-01,  2.11879962e-01,\n",
       "        -2.81954495e-02, -2.48533645e-01, -4.37892483e-01,\n",
       "        -5.90936862e-01, -7.07396004e-01, -7.90630725e-01,\n",
       "        -8.45946475e-01, -8.78953428e-01, -8.94197437e-01,\n",
       "        -8.94197437e-01, -8.78953428e-01, -8.45946475e-01,\n",
       "        -7.90630725e-01, -7.07396004e-01, -5.90936862e-01,\n",
       "        -4.37892483e-01, -2.48533645e-01, -2.81954495e-02,\n",
       "         2.11879962e-01,  4.54593535e-01,  6.78125888e-01,\n",
       "         8.58179323e-01,  9.71132423e-01,  9.97705708e-01],\n",
       "       [ 9.80850719e-01,  8.69941049e-01,  6.78125888e-01,\n",
       "         4.31829901e-01,  1.59882062e-01, -1.10640850e-01,\n",
       "        -3.57695776e-01, -5.66292335e-01, -7.29125052e-01,\n",
       "        -8.45946475e-01, -9.22001116e-01, -9.65940812e-01,\n",
       "        -9.87641702e-01, -9.96257686e-01, -9.98713645e-01,\n",
       "        -9.98713645e-01, -9.96257686e-01, -9.87641702e-01,\n",
       "        -9.65940812e-01, -9.22001116e-01, -8.45946475e-01,\n",
       "        -7.29125052e-01, -5.66292335e-01, -3.57695776e-01,\n",
       "        -1.10640850e-01,  1.59882062e-01,  4.31829901e-01,\n",
       "         6.78125888e-01,  8.69941049e-01,  9.80850719e-01],\n",
       "       [ 9.02160390e-01,  7.12998635e-01,  4.54593535e-01,\n",
       "         1.59882062e-01, -1.38227201e-01, -4.11370150e-01,\n",
       "        -6.38962142e-01, -8.09799915e-01, -9.22001116e-01,\n",
       "        -9.81545807e-01, -9.99892799e-01, -9.91229613e-01,\n",
       "        -9.69868401e-01, -9.48144409e-01, -9.34964242e-01,\n",
       "        -9.34964242e-01, -9.48144409e-01, -9.69868401e-01,\n",
       "        -9.91229613e-01, -9.99892799e-01, -9.81545807e-01,\n",
       "        -9.22001116e-01, -8.09799915e-01, -6.38962142e-01,\n",
       "        -4.11370150e-01, -1.38227201e-01,  1.59882062e-01,\n",
       "         4.54593535e-01,  7.12998635e-01,  9.02160390e-01],\n",
       "       [ 7.77003505e-01,  5.20584150e-01,  2.11879962e-01,\n",
       "        -1.10640850e-01, -4.11370150e-01, -6.62283991e-01,\n",
       "        -8.45946475e-01, -9.56497437e-01, -9.98713645e-01,\n",
       "        -9.85571404e-01, -9.34964242e-01, -8.66298110e-01,\n",
       "        -7.97584204e-01, -7.43401676e-01, -7.13781464e-01,\n",
       "        -7.13781464e-01, -7.43401676e-01, -7.97584204e-01,\n",
       "        -8.66298110e-01, -9.34964242e-01, -9.85571404e-01,\n",
       "        -9.98713645e-01, -9.56497437e-01, -8.45946475e-01,\n",
       "        -6.62283991e-01, -4.11370150e-01, -1.10640850e-01,\n",
       "         2.11879962e-01,  5.20584150e-01,  7.77003505e-01],\n",
       "       [ 6.22348946e-01,  3.12742785e-01, -2.81954495e-02,\n",
       "        -3.57695776e-01, -6.38962142e-01, -8.45946475e-01,\n",
       "        -9.65940812e-01, -9.99764136e-01, -9.59771395e-01,\n",
       "        -8.66298110e-01, -7.43401676e-01, -6.14817205e-01,\n",
       "        -5.00887247e-01, -4.16866792e-01, -3.72525263e-01,\n",
       "        -3.72525263e-01, -4.16866792e-01, -5.00887247e-01,\n",
       "        -6.14817205e-01, -7.43401676e-01, -8.66298110e-01,\n",
       "        -9.59771395e-01, -9.99764136e-01, -9.65940812e-01,\n",
       "        -8.45946475e-01, -6.38962142e-01, -3.57695776e-01,\n",
       "        -2.81954495e-02,  3.12742785e-01,  6.22348946e-01],\n",
       "       [ 4.54593535e-01,  1.07000578e-01, -2.48533645e-01,\n",
       "        -5.66292335e-01, -8.09799915e-01, -9.56497437e-01,\n",
       "        -9.99764136e-01, -9.48144409e-01, -8.22155177e-01,\n",
       "        -6.49484033e-01, -4.59665816e-01, -2.79386073e-01,\n",
       "        -1.29365488e-01, -2.33138975e-02,  3.12503832e-02,\n",
       "         3.12503832e-02, -2.33138975e-02, -1.29365488e-01,\n",
       "        -2.79386073e-01, -4.59665816e-01, -6.49484033e-01,\n",
       "        -8.22155177e-01, -9.48144409e-01, -9.99764136e-01,\n",
       "        -9.56497437e-01, -8.09799915e-01, -5.66292335e-01,\n",
       "        -2.48533645e-01,  1.07000578e-01,  4.54593535e-01],\n",
       "       [ 2.87954298e-01, -8.30932252e-02, -4.37892483e-01,\n",
       "        -7.29125052e-01, -9.22001116e-01, -9.98713645e-01,\n",
       "        -9.59771395e-01, -8.22155177e-01, -6.14817205e-01,\n",
       "        -3.72525263e-01, -1.29365488e-01,  8.66927150e-02,\n",
       "         2.56942498e-01,  3.72079492e-01,  4.29547522e-01,\n",
       "         4.29547522e-01,  3.72079492e-01,  2.56942498e-01,\n",
       "         8.66927150e-02, -1.29365488e-01, -3.72525263e-01,\n",
       "        -6.14817205e-01, -8.22155177e-01, -9.59771395e-01,\n",
       "        -9.98713645e-01, -9.22001116e-01, -7.29125052e-01,\n",
       "        -4.37892483e-01, -8.30932252e-02,  2.87954298e-01],\n",
       "       [ 1.33543814e-01, -2.48533645e-01, -5.90936862e-01,\n",
       "        -8.45946475e-01, -9.81545807e-01, -9.85571404e-01,\n",
       "        -8.66298110e-01, -6.49484033e-01, -3.72525263e-01,\n",
       "        -7.68863957e-02,  1.99688646e-01,  4.29547522e-01,\n",
       "         5.98519774e-01,  7.05131808e-01,  7.55453205e-01,\n",
       "         7.55453205e-01,  7.05131808e-01,  5.98519774e-01,\n",
       "         4.29547522e-01,  1.99688646e-01, -7.68863957e-02,\n",
       "        -3.72525263e-01, -6.49484033e-01, -8.66298110e-01,\n",
       "        -9.85571404e-01, -9.81545807e-01, -8.45946475e-01,\n",
       "        -5.90936862e-01, -2.48533645e-01,  1.33543814e-01],\n",
       "       [-8.84706779e-04, -3.84629319e-01, -7.07396004e-01,\n",
       "        -9.22001116e-01, -9.99892799e-01, -9.34964242e-01,\n",
       "        -7.43401676e-01, -4.59665816e-01, -1.29365488e-01,\n",
       "         1.99688646e-01,  4.86631261e-01,  7.05131808e-01,\n",
       "         8.47608668e-01,  9.24148093e-01,  9.54525673e-01,\n",
       "         9.54525673e-01,  9.24148093e-01,  8.47608668e-01,\n",
       "         7.05131808e-01,  4.86631261e-01,  1.99688646e-01,\n",
       "        -1.29365488e-01, -4.59665816e-01, -7.43401676e-01,\n",
       "        -9.34964242e-01, -9.99892799e-01, -9.22001116e-01,\n",
       "        -7.07396004e-01, -3.84629319e-01, -8.84706779e-04],\n",
       "       [-1.10640850e-01, -4.90176225e-01, -7.90630725e-01,\n",
       "        -9.65940812e-01, -9.91229613e-01, -8.66298110e-01,\n",
       "        -6.14817205e-01, -2.79386073e-01,  8.66927150e-02,\n",
       "         4.29547522e-01,  7.05131808e-01,  8.88204018e-01,\n",
       "         9.78239901e-01,  9.99988089e-01,  9.94193399e-01,\n",
       "         9.94193399e-01,  9.99988089e-01,  9.78239901e-01,\n",
       "         8.88204018e-01,  7.05131808e-01,  4.29547522e-01,\n",
       "         8.66927150e-02, -2.79386073e-01, -6.14817205e-01,\n",
       "        -8.66298110e-01, -9.91229613e-01, -9.65940812e-01,\n",
       "        -7.90630725e-01, -4.90176225e-01, -1.10640850e-01],\n",
       "       [-1.93431827e-01, -5.66292335e-01, -8.45946475e-01,\n",
       "        -9.87641702e-01, -9.69868401e-01, -7.97584204e-01,\n",
       "        -5.00887247e-01, -1.29365488e-01,  2.56942498e-01,\n",
       "         5.98519774e-01,  8.47608668e-01,  9.78239901e-01,\n",
       "         9.94193399e-01,  9.34340440e-01,  8.69885211e-01,\n",
       "         8.69885211e-01,  9.34340440e-01,  9.94193399e-01,\n",
       "         9.78239901e-01,  8.47608668e-01,  5.98519774e-01,\n",
       "         2.56942498e-01, -1.29365488e-01, -5.00887247e-01,\n",
       "        -7.97584204e-01, -9.69868401e-01, -9.87641702e-01,\n",
       "        -8.45946475e-01, -5.66292335e-01, -1.93431827e-01],\n",
       "       [-2.48533645e-01, -6.15169883e-01, -8.78953428e-01,\n",
       "        -9.96257686e-01, -9.48144409e-01, -7.43401676e-01,\n",
       "        -4.16866792e-01, -2.33138975e-02,  3.72079492e-01,\n",
       "         7.05131808e-01,  9.24148093e-01,  9.99988089e-01,\n",
       "         9.34340440e-01,  7.69327443e-01,  6.08575668e-01,\n",
       "         6.08575668e-01,  7.69327443e-01,  9.34340440e-01,\n",
       "         9.99988089e-01,  9.24148093e-01,  7.05131808e-01,\n",
       "         3.72079492e-01, -2.33138975e-02, -4.16866792e-01,\n",
       "        -7.43401676e-01, -9.48144409e-01, -9.96257686e-01,\n",
       "        -8.78953428e-01, -6.15169883e-01, -2.48533645e-01],\n",
       "       [-2.75989644e-01, -6.38962142e-01, -8.94197437e-01,\n",
       "        -9.98713645e-01, -9.34964242e-01, -7.13781464e-01,\n",
       "        -3.72525263e-01,  3.12503832e-02,  4.29547522e-01,\n",
       "         7.55453205e-01,  9.54525673e-01,  9.94193399e-01,\n",
       "         8.69885211e-01,  6.08575668e-01,  2.88438773e-01,\n",
       "         2.88438773e-01,  6.08575668e-01,  8.69885211e-01,\n",
       "         9.94193399e-01,  9.54525673e-01,  7.55453205e-01,\n",
       "         4.29547522e-01,  3.12503832e-02, -3.72525263e-01,\n",
       "        -7.13781464e-01, -9.34964242e-01, -9.98713645e-01,\n",
       "        -8.94197437e-01, -6.38962142e-01, -2.75989644e-01],\n",
       "       [-2.75989644e-01, -6.38962142e-01, -8.94197437e-01,\n",
       "        -9.98713645e-01, -9.34964242e-01, -7.13781464e-01,\n",
       "        -3.72525263e-01,  3.12503832e-02,  4.29547522e-01,\n",
       "         7.55453205e-01,  9.54525673e-01,  9.94193399e-01,\n",
       "         8.69885211e-01,  6.08575668e-01,  2.88438773e-01,\n",
       "         2.88438773e-01,  6.08575668e-01,  8.69885211e-01,\n",
       "         9.94193399e-01,  9.54525673e-01,  7.55453205e-01,\n",
       "         4.29547522e-01,  3.12503832e-02, -3.72525263e-01,\n",
       "        -7.13781464e-01, -9.34964242e-01, -9.98713645e-01,\n",
       "        -8.94197437e-01, -6.38962142e-01, -2.75989644e-01],\n",
       "       [-2.48533645e-01, -6.15169883e-01, -8.78953428e-01,\n",
       "        -9.96257686e-01, -9.48144409e-01, -7.43401676e-01,\n",
       "        -4.16866792e-01, -2.33138975e-02,  3.72079492e-01,\n",
       "         7.05131808e-01,  9.24148093e-01,  9.99988089e-01,\n",
       "         9.34340440e-01,  7.69327443e-01,  6.08575668e-01,\n",
       "         6.08575668e-01,  7.69327443e-01,  9.34340440e-01,\n",
       "         9.99988089e-01,  9.24148093e-01,  7.05131808e-01,\n",
       "         3.72079492e-01, -2.33138975e-02, -4.16866792e-01,\n",
       "        -7.43401676e-01, -9.48144409e-01, -9.96257686e-01,\n",
       "        -8.78953428e-01, -6.15169883e-01, -2.48533645e-01],\n",
       "       [-1.93431827e-01, -5.66292335e-01, -8.45946475e-01,\n",
       "        -9.87641702e-01, -9.69868401e-01, -7.97584204e-01,\n",
       "        -5.00887247e-01, -1.29365488e-01,  2.56942498e-01,\n",
       "         5.98519774e-01,  8.47608668e-01,  9.78239901e-01,\n",
       "         9.94193399e-01,  9.34340440e-01,  8.69885211e-01,\n",
       "         8.69885211e-01,  9.34340440e-01,  9.94193399e-01,\n",
       "         9.78239901e-01,  8.47608668e-01,  5.98519774e-01,\n",
       "         2.56942498e-01, -1.29365488e-01, -5.00887247e-01,\n",
       "        -7.97584204e-01, -9.69868401e-01, -9.87641702e-01,\n",
       "        -8.45946475e-01, -5.66292335e-01, -1.93431827e-01],\n",
       "       [-1.10640850e-01, -4.90176225e-01, -7.90630725e-01,\n",
       "        -9.65940812e-01, -9.91229613e-01, -8.66298110e-01,\n",
       "        -6.14817205e-01, -2.79386073e-01,  8.66927150e-02,\n",
       "         4.29547522e-01,  7.05131808e-01,  8.88204018e-01,\n",
       "         9.78239901e-01,  9.99988089e-01,  9.94193399e-01,\n",
       "         9.94193399e-01,  9.99988089e-01,  9.78239901e-01,\n",
       "         8.88204018e-01,  7.05131808e-01,  4.29547522e-01,\n",
       "         8.66927150e-02, -2.79386073e-01, -6.14817205e-01,\n",
       "        -8.66298110e-01, -9.91229613e-01, -9.65940812e-01,\n",
       "        -7.90630725e-01, -4.90176225e-01, -1.10640850e-01],\n",
       "       [-8.84706779e-04, -3.84629319e-01, -7.07396004e-01,\n",
       "        -9.22001116e-01, -9.99892799e-01, -9.34964242e-01,\n",
       "        -7.43401676e-01, -4.59665816e-01, -1.29365488e-01,\n",
       "         1.99688646e-01,  4.86631261e-01,  7.05131808e-01,\n",
       "         8.47608668e-01,  9.24148093e-01,  9.54525673e-01,\n",
       "         9.54525673e-01,  9.24148093e-01,  8.47608668e-01,\n",
       "         7.05131808e-01,  4.86631261e-01,  1.99688646e-01,\n",
       "        -1.29365488e-01, -4.59665816e-01, -7.43401676e-01,\n",
       "        -9.34964242e-01, -9.99892799e-01, -9.22001116e-01,\n",
       "        -7.07396004e-01, -3.84629319e-01, -8.84706779e-04],\n",
       "       [ 1.33543814e-01, -2.48533645e-01, -5.90936862e-01,\n",
       "        -8.45946475e-01, -9.81545807e-01, -9.85571404e-01,\n",
       "        -8.66298110e-01, -6.49484033e-01, -3.72525263e-01,\n",
       "        -7.68863957e-02,  1.99688646e-01,  4.29547522e-01,\n",
       "         5.98519774e-01,  7.05131808e-01,  7.55453205e-01,\n",
       "         7.55453205e-01,  7.05131808e-01,  5.98519774e-01,\n",
       "         4.29547522e-01,  1.99688646e-01, -7.68863957e-02,\n",
       "        -3.72525263e-01, -6.49484033e-01, -8.66298110e-01,\n",
       "        -9.85571404e-01, -9.81545807e-01, -8.45946475e-01,\n",
       "        -5.90936862e-01, -2.48533645e-01,  1.33543814e-01],\n",
       "       [ 2.87954298e-01, -8.30932252e-02, -4.37892483e-01,\n",
       "        -7.29125052e-01, -9.22001116e-01, -9.98713645e-01,\n",
       "        -9.59771395e-01, -8.22155177e-01, -6.14817205e-01,\n",
       "        -3.72525263e-01, -1.29365488e-01,  8.66927150e-02,\n",
       "         2.56942498e-01,  3.72079492e-01,  4.29547522e-01,\n",
       "         4.29547522e-01,  3.72079492e-01,  2.56942498e-01,\n",
       "         8.66927150e-02, -1.29365488e-01, -3.72525263e-01,\n",
       "        -6.14817205e-01, -8.22155177e-01, -9.59771395e-01,\n",
       "        -9.98713645e-01, -9.22001116e-01, -7.29125052e-01,\n",
       "        -4.37892483e-01, -8.30932252e-02,  2.87954298e-01],\n",
       "       [ 4.54593535e-01,  1.07000578e-01, -2.48533645e-01,\n",
       "        -5.66292335e-01, -8.09799915e-01, -9.56497437e-01,\n",
       "        -9.99764136e-01, -9.48144409e-01, -8.22155177e-01,\n",
       "        -6.49484033e-01, -4.59665816e-01, -2.79386073e-01,\n",
       "        -1.29365488e-01, -2.33138975e-02,  3.12503832e-02,\n",
       "         3.12503832e-02, -2.33138975e-02, -1.29365488e-01,\n",
       "        -2.79386073e-01, -4.59665816e-01, -6.49484033e-01,\n",
       "        -8.22155177e-01, -9.48144409e-01, -9.99764136e-01,\n",
       "        -9.56497437e-01, -8.09799915e-01, -5.66292335e-01,\n",
       "        -2.48533645e-01,  1.07000578e-01,  4.54593535e-01],\n",
       "       [ 6.22348946e-01,  3.12742785e-01, -2.81954495e-02,\n",
       "        -3.57695776e-01, -6.38962142e-01, -8.45946475e-01,\n",
       "        -9.65940812e-01, -9.99764136e-01, -9.59771395e-01,\n",
       "        -8.66298110e-01, -7.43401676e-01, -6.14817205e-01,\n",
       "        -5.00887247e-01, -4.16866792e-01, -3.72525263e-01,\n",
       "        -3.72525263e-01, -4.16866792e-01, -5.00887247e-01,\n",
       "        -6.14817205e-01, -7.43401676e-01, -8.66298110e-01,\n",
       "        -9.59771395e-01, -9.99764136e-01, -9.65940812e-01,\n",
       "        -8.45946475e-01, -6.38962142e-01, -3.57695776e-01,\n",
       "        -2.81954495e-02,  3.12742785e-01,  6.22348946e-01],\n",
       "       [ 7.77003505e-01,  5.20584150e-01,  2.11879962e-01,\n",
       "        -1.10640850e-01, -4.11370150e-01, -6.62283991e-01,\n",
       "        -8.45946475e-01, -9.56497437e-01, -9.98713645e-01,\n",
       "        -9.85571404e-01, -9.34964242e-01, -8.66298110e-01,\n",
       "        -7.97584204e-01, -7.43401676e-01, -7.13781464e-01,\n",
       "        -7.13781464e-01, -7.43401676e-01, -7.97584204e-01,\n",
       "        -8.66298110e-01, -9.34964242e-01, -9.85571404e-01,\n",
       "        -9.98713645e-01, -9.56497437e-01, -8.45946475e-01,\n",
       "        -6.62283991e-01, -4.11370150e-01, -1.10640850e-01,\n",
       "         2.11879962e-01,  5.20584150e-01,  7.77003505e-01],\n",
       "       [ 9.02160390e-01,  7.12998635e-01,  4.54593535e-01,\n",
       "         1.59882062e-01, -1.38227201e-01, -4.11370150e-01,\n",
       "        -6.38962142e-01, -8.09799915e-01, -9.22001116e-01,\n",
       "        -9.81545807e-01, -9.99892799e-01, -9.91229613e-01,\n",
       "        -9.69868401e-01, -9.48144409e-01, -9.34964242e-01,\n",
       "        -9.34964242e-01, -9.48144409e-01, -9.69868401e-01,\n",
       "        -9.91229613e-01, -9.99892799e-01, -9.81545807e-01,\n",
       "        -9.22001116e-01, -8.09799915e-01, -6.38962142e-01,\n",
       "        -4.11370150e-01, -1.38227201e-01,  1.59882062e-01,\n",
       "         4.54593535e-01,  7.12998635e-01,  9.02160390e-01],\n",
       "       [ 9.80850719e-01,  8.69941049e-01,  6.78125888e-01,\n",
       "         4.31829901e-01,  1.59882062e-01, -1.10640850e-01,\n",
       "        -3.57695776e-01, -5.66292335e-01, -7.29125052e-01,\n",
       "        -8.45946475e-01, -9.22001116e-01, -9.65940812e-01,\n",
       "        -9.87641702e-01, -9.96257686e-01, -9.98713645e-01,\n",
       "        -9.98713645e-01, -9.96257686e-01, -9.87641702e-01,\n",
       "        -9.65940812e-01, -9.22001116e-01, -8.45946475e-01,\n",
       "        -7.29125052e-01, -5.66292335e-01, -3.57695776e-01,\n",
       "        -1.10640850e-01,  1.59882062e-01,  4.31829901e-01,\n",
       "         6.78125888e-01,  8.69941049e-01,  9.80850719e-01],\n",
       "       [ 9.97705708e-01,  9.71132423e-01,  8.58179323e-01,\n",
       "         6.78125888e-01,  4.54593535e-01,  2.11879962e-01,\n",
       "        -2.81954495e-02, -2.48533645e-01, -4.37892483e-01,\n",
       "        -5.90936862e-01, -7.07396004e-01, -7.90630725e-01,\n",
       "        -8.45946475e-01, -8.78953428e-01, -8.94197437e-01,\n",
       "        -8.94197437e-01, -8.78953428e-01, -8.45946475e-01,\n",
       "        -7.90630725e-01, -7.07396004e-01, -5.90936862e-01,\n",
       "        -4.37892483e-01, -2.48533645e-01, -2.81954495e-02,\n",
       "         2.11879962e-01,  4.54593535e-01,  6.78125888e-01,\n",
       "         8.58179323e-01,  9.71132423e-01,  9.97705708e-01],\n",
       "       [ 9.41437765e-01,  9.98937218e-01,  9.71132423e-01,\n",
       "         8.69941049e-01,  7.12998635e-01,  5.20584150e-01,\n",
       "         3.12742785e-01,  1.07000578e-01, -8.30932252e-02,\n",
       "        -2.48533645e-01, -3.84629319e-01, -4.90176225e-01,\n",
       "        -5.66292335e-01, -6.15169883e-01, -6.38962142e-01,\n",
       "        -6.38962142e-01, -6.15169883e-01, -5.66292335e-01,\n",
       "        -4.90176225e-01, -3.84629319e-01, -2.48533645e-01,\n",
       "        -8.30932252e-02,  1.07000578e-01,  3.12742785e-01,\n",
       "         5.20584150e-01,  7.12998635e-01,  8.69941049e-01,\n",
       "         9.71132423e-01,  9.98937218e-01,  9.41437765e-01],\n",
       "       [ 8.07261091e-01,  9.41437765e-01,  9.97705708e-01,\n",
       "         9.80850719e-01,  9.02160390e-01,  7.77003505e-01,\n",
       "         6.22348946e-01,  4.54593535e-01,  2.87954298e-01,\n",
       "         1.33543814e-01, -8.84706779e-04, -1.10640850e-01,\n",
       "        -1.93431827e-01, -2.48533645e-01, -2.75989644e-01,\n",
       "        -2.75989644e-01, -2.48533645e-01, -1.93431827e-01,\n",
       "        -1.10640850e-01, -8.84706779e-04,  1.33543814e-01,\n",
       "         2.87954298e-01,  4.54593535e-01,  6.22348946e-01,\n",
       "         7.77003505e-01,  9.02160390e-01,  9.80850719e-01,\n",
       "         9.97705708e-01,  9.41437765e-01,  8.07261091e-01]])"
      ]
     },
     "execution_count": 24,
     "metadata": {},
     "output_type": "execute_result"
    }
   ],
   "source": [
    "def f(x, y):\n",
    "    return np.sin(np.sqrt(x ** 2 + y ** 2))\n",
    "\n",
    "x = np.linspace(-6, 6, 30)\n",
    "y = np.linspace(-6, 6, 30)\n",
    "\n",
    "X, Y = np.meshgrid(x, y)\n",
    "Z = f(X, Y)\n",
    "Z"
   ]
  },
  {
   "cell_type": "code",
   "execution_count": 25,
   "metadata": {},
   "outputs": [
    {
     "data": {
